20210000 1234567
20210001 123456
20210002 123456
20210003 123456
20210004 123456
20210005 123456
20210006 123456
20210007 123456
20210008 123456
20210009 123456
20210010 123456
20210011 123456
20210012 123456
20210013 123456
20210014 123456
20210015 123456
20210016 123456
20210017 123456
20210018 123456
20210019 123456
20210020 123456
20210021 123456
20210022 123456
20210023 123456
20210024 123456
20210025 123456
20210026 123456
20210027 123456
20210028 123456
20210029 123456
20210030 123456
20210031 123456
20210032 123456
20210033 123456
20210034 123456
20210035 123456
20210036 123456
20210037 123456
20210038 123456
20210039 123456
20210040 123456
20210041 123456
20210042 123456
20210043 123456
20210044 123456
20210045 123456
20210046 123456
20210047 123456
20210048 123456
20210049 123456
20210050 123456
20210051 123456
20210052 123456
20210053 123456
20210054 123456
20210055 123456
20210056 123456
20210057 123456
20210058 123456
20210059 123456
20210060 123456
20210061 123456
20210062 123456
20210063 123456
20210064 123456
20210065 123456
20210066 123456
20210067 123456
20210068 123456
20210069 123456
20210070 123456
20210071 123456
20210072 123456
20210073 123456
20210074 123456
20210075 123456
20210076 123456
20210077 123456
20210078 123456
20210079 123456
20210080 123456
20210081 123456
20210082 123456
20210083 123456
20210084 123456
20210085 123456
20210086 123456
20210087 123456
20210088 123456
20210089 123456
20210090 123456
20210091 123456
20210092 123456
20210093 123456
20210094 123456
20210095 123456
20210096 123456
20210097 123456
20210098 123456
20210099 123456
20210100 123456
20210101 123456
20210102 123456
20210103 123456
20210104 123456
20210105 123456
20210106 123456
20210107 123456
20210108 123456
20210109 123456
20210110 123456
20210111 123456
20210112 123456
20210113 123456
20210114 123456
20210115 123456
20210116 123456
20210117 123456
20210118 123456
20210119 123456
20210120 123456
20210121 123456
20210122 123456
20210123 123456
20210124 123456
20210125 123456
20210126 123456
20210127 123456
20210128 123456
20210129 123456
20210130 123456
20210131 123456
20210132 123456
20210133 123456
20210134 123456
20210135 123456
20210136 123456
20210137 123456
20210138 123456
20210139 123456
20210140 123456
20210141 123456
20210142 123456
20210143 123456
20210144 123456
20210145 123456
20210146 123456
20210147 123456
20210148 123456
20210149 123456
20210150 123456
20210151 123456
20210152 123456
20210153 123456
20210154 123456
20210155 123456
20210156 123456
20210157 123456
20210158 123456
20210159 123456
20210160 123456
20210161 123456
20210162 123456
20210163 123456
20210164 123456
20210165 123456
20210166 123456
20210167 123456
20210168 123456
20210169 123456
20210170 123456
20210171 123456
20210172 123456
20210173 123456
20210174 123456
20210175 123456
20210176 123456
20210177 123456
20210178 123456
20210179 123456
20210180 123456
20210181 123456
20210182 123456
20210183 123456
20210184 123456
20210185 123456
20210186 123456
20210187 123456
20210188 123456
20210189 123456
20210190 123456
20210191 123456
20210192 123456
20210193 123456
20210194 123456
20210195 123456
20210196 123456
20210197 123456
20210198 123456
20210199 123456
20210200 123456
20210201 123456
20210202 123456
20210203 123456
20210204 123456
20210205 123456
20210206 123456
20210207 123456
20210208 123456
20210209 123456
20210210 123456
20210211 123456
20210212 123456
20210213 123456
20210214 123456
20210215 123456
20210216 123456
20210217 123456
20210218 123456
20210219 123456
20210220 123456
20210221 123456
20210222 123456
20210223 123456
20210224 123456
20210225 123456
20210226 123456
20210227 123456
20210228 123456
20210229 123456
20210230 123456
20210231 123456
20210232 123456
20210233 123456
20210234 123456
20210235 123456
20210236 123456
20210237 123456
20210238 123456
20210239 123456
20210240 123456
20210241 123456
20210242 123456
20210243 123456
20210244 123456
20210245 123456
20210246 123456
20210247 123456
20210248 123456
20210249 123456
20210250 123456
20210251 123456
20210252 123456
20210253 123456
20210254 123456
20210255 123456
20210256 123456
20210257 123456
20210258 123456
20210259 123456
20210260 123456
20210261 123456
20210262 123456
20210263 123456
20210264 123456
20210265 123456
20210266 123456
20210267 123456
20210268 123456
20210269 123456
20210270 123456
20210271 123456
20210272 123456
20210273 123456
20210274 123456
20210275 123456
20210276 123456
20210277 123456
20210278 123456
20210279 123456
20210280 123456
20210281 123456
20210282 123456
20210283 123456
20210284 123456
20210285 123456
20210286 123456
20210287 123456
20210288 123456
20210289 123456
20210290 123456
20210291 123456
20210292 123456
20210293 123456
20210294 123456
20210295 123456
20210296 123456
20210297 123456
20210298 123456
20210299 123456
20210300 123456
20210301 123456
20210302 123456
20210303 123456
20210304 123456
20210305 123456
20210306 123456
20210307 123456
20210308 123456
20210309 123456
20210310 123456
20210311 123456
20210312 123456
20210313 123456
20210314 123456
20210315 123456
20210316 123456
20210317 123456
20210318 123456
20210319 123456
20210320 123456
20210321 123456
20210322 123456
20210323 123456
20210324 123456
20210325 123456
20210326 123456
20210327 123456
20210328 123456
20210329 123456
20210330 123456
20210331 123456
20210332 123456
20210333 123456
20210334 123456
20210335 123456
20210336 123456
20210337 123456
20210338 123456
20210339 123456
20210340 123456
20210341 123456
20210342 123456
20210343 123456
20210344 123456
20210345 123456
20210346 123456
20210347 123456
20210348 123456
20210349 123456
20210350 123456
20210351 123456
20210352 123456
20210353 123456
20210354 123456
20210355 123456
20210356 123456
20210357 123456
20210358 123456
20210359 123456
20210360 123456
20210361 123456
20210362 123456
20210363 123456
20210364 123456
20210365 123456
20210366 123456
20210367 123456
20210368 123456
20210369 123456
20210370 123456
20210371 123456
20210372 123456
20210373 123456
20210374 123456
20210375 123456
20210376 123456
20210377 123456
20210378 123456
20210379 123456
20210380 123456
20210381 123456
20210382 123456
20210383 123456
20210384 123456
20210385 123456
20210386 123456
20210387 123456
20210388 123456
20210389 123456
20210390 123456
20210391 123456
20210392 123456
20210393 123456
20210394 123456
20210395 123456
20210396 123456
20210397 123456
20210398 123456
20210399 123456
20210400 123456
20210401 123456
20210402 123456
20210403 123456
20210404 123456
20210405 123456
20210406 123456
20210407 123456
20210408 123456
20210409 123456
20210410 123456
20210411 123456
20210412 123456
20210413 123456
20210414 123456
20210415 123456
20210416 123456
20210417 123456
20210418 123456
20210419 123456
20210420 123456
20210421 123456
20210422 123456
20210423 123456
20210424 123456
20210425 123456
20210426 123456
20210427 123456
20210428 123456
20210429 123456
20210430 123456
20210431 123456
20210432 123456
20210433 123456
20210434 123456
20210435 123456
20210436 123456
20210437 123456
20210438 123456
20210439 123456
20210440 123456
20210441 123456
20210442 123456
20210443 123456
20210444 123456
20210445 123456
20210446 123456
20210447 123456
20210448 123456
20210449 123456
20210450 123456
20210451 123456
20210452 123456
20210453 123456
20210454 123456
20210455 123456
20210456 123456
20210457 123456
20210458 123456
20210459 123456
20210460 123456
20210461 123456
20210462 123456
20210463 123456
20210464 123456
20210465 123456
20210466 123456
20210467 123456
20210468 123456
20210469 123456
20210470 123456
20210471 123456
20210472 123456
20210473 123456
20210474 123456
20210475 123456
20210476 123456
20210477 123456
20210478 123456
20210479 123456
20210480 123456
20210481 123456
20210482 123456
20210483 123456
20210484 123456
20210485 123456
20210486 123456
20210487 123456
20210488 123456
20210489 123456
20210490 123456
20210491 123456
20210492 123456
20210493 123456
20210494 123456
20210495 123456
20210496 123456
20210497 123456
20210498 123456
20210499 123456
20210500 123456
20210501 123456
20210502 123456
20210503 123456
20210504 123456
20210505 123456
20210506 123456
20210507 123456
20210508 123456
20210509 123456
20210510 123456
20210511 123456
20210512 123456
20210513 123456
20210514 123456
20210515 123456
20210516 123456
20210517 123456
20210518 123456
20210519 123456
20210520 123456
20210521 123456
20210522 123456
20210523 123456
20210524 123456
20210525 123456
20210526 123456
20210527 123456
20210528 123456
20210529 123456
20210530 123456
20210531 123456
20210532 123456
20210533 123456
20210534 123456
20210535 123456
20210536 123456
20210537 123456
20210538 123456
20210539 123456
20210540 123456
20210541 123456
20210542 123456
20210543 123456
20210544 123456
20210545 123456
20210546 123456
20210547 123456
20210548 123456
20210549 123456
20210550 123456
20210551 123456
20210552 123456
20210553 123456
20210554 123456
20210555 123456
20210556 123456
20210557 123456
20210558 123456
20210559 123456
20210560 123456
20210561 123456
20210562 123456
20210563 123456
20210564 123456
20210565 123456
20210566 123456
20210567 123456
20210568 123456
20210569 123456
20210570 123456
20210571 123456
20210572 123456
20210573 123456
20210574 123456
20210575 123456
20210576 123456
20210577 123456
20210578 123456
20210579 123456
20210580 123456
20210581 123456
20210582 123456
20210583 123456
20210584 123456
20210585 123456
20210586 123456
20210587 123456
20210588 123456
20210589 123456
20210590 123456
20210591 123456
20210592 123456
20210593 123456
20210594 123456
20210595 123456
20210596 123456
20210597 123456
20210598 123456
20210599 123456
20210600 123456
20210601 123456
20210602 123456
20210603 123456
20210604 123456
20210605 123456
20210606 123456
20210607 123456
20210608 123456
20210609 123456
20210610 123456
20210611 123456
20210612 123456
20210613 123456
20210614 123456
20210615 123456
20210616 123456
20210617 123456
20210618 123456
20210619 123456
20210620 123456
20210621 123456
20210622 123456
20210623 123456
20210624 123456
20210625 123456
20210626 123456
20210627 123456
20210628 123456
20210629 123456
20210630 123456
20210631 123456
20210632 123456
20210633 123456
20210634 123456
20210635 123456
20210636 123456
20210637 123456
20210638 123456
20210639 123456
20210640 123456
20210641 123456
20210642 123456
20210643 123456
20210644 123456
20210645 123456
20210646 123456
20210647 123456
20210648 123456
20210649 123456
20210650 123456
20210651 123456
20210652 123456
20210653 123456
20210654 123456
20210655 123456
20210656 123456
20210657 123456
20210658 123456
20210659 123456
20210660 123456
20210661 123456
20210662 123456
20210663 123456
20210664 123456
20210665 123456
20210666 123456
20210667 123456
20210668 123456
20210669 123456
20210670 123456
20210671 123456
20210672 123456
20210673 123456
20210674 123456
20210675 123456
20210676 123456
20210677 123456
20210678 123456
20210679 123456
20210680 123456
20210681 123456
20210682 123456
20210683 123456
20210684 123456
20210685 123456
20210686 123456
20210687 123456
20210688 123456
20210689 123456
20210690 123456
20210691 123456
20210692 123456
20210693 123456
20210694 123456
20210695 123456
20210696 123456
20210697 123456
20210698 123456
20210699 123456
20210700 123456
20210701 123456
20210702 123456
20210703 123456
20210704 123456
20210705 123456
20210706 123456
20210707 123456
20210708 123456
20210709 123456
20210710 123456
20210711 123456
20210712 123456
20210713 123456
20210714 123456
20210715 123456
20210716 123456
20210717 123456
20210718 123456
20210719 123456
20210720 123456
20210721 123456
20210722 123456
20210723 123456
20210724 123456
20210725 123456
20210726 123456
20210727 123456
20210728 123456
20210729 123456
20210730 123456
20210731 123456
20210732 123456
20210733 123456
20210734 123456
20210735 123456
20210736 123456
20210737 123456
20210738 123456
20210739 123456
20210740 123456
20210741 123456
20210742 123456
20210743 123456
20210744 123456
20210745 123456
20210746 123456
20210747 123456
20210748 123456
20210749 123456
20210750 123456
20210751 123456
20210752 123456
20210753 123456
20210754 123456
20210755 123456
20210756 123456
20210757 123456
20210758 123456
20210759 123456
20210760 123456
20210761 123456
20210762 123456
20210763 123456
20210764 123456
20210765 123456
20210766 123456
20210767 123456
20210768 123456
20210769 123456
20210770 123456
20210771 123456
20210772 123456
20210773 123456
20210774 123456
20210775 123456
20210776 123456
20210777 123456
20210778 123456
20210779 123456
20210780 123456
20210781 123456
20210782 123456
20210783 123456
20210784 123456
20210785 123456
20210786 123456
20210787 123456
20210788 123456
20210789 123456
20210790 123456
20210791 123456
20210792 123456
20210793 123456
20210794 123456
20210795 123456
20210796 123456
20210797 123456
20210798 123456
20210799 123456
20210800 123456
20210801 123456
20210802 123456
20210803 123456
20210804 123456
20210805 123456
20210806 123456
20210807 123456
20210808 123456
20210809 123456
20210810 123456
20210811 123456
20210812 123456
20210813 123456
20210814 123456
20210815 123456
20210816 123456
20210817 123456
20210818 123456
20210819 123456
20210820 123456
20210821 123456
20210822 123456
20210823 123456
20210824 123456
20210825 123456
20210826 123456
20210827 123456
20210828 123456
20210829 123456
20210830 123456
20210831 123456
20210832 123456
20210833 123456
20210834 123456
20210835 123456
20210836 123456
20210837 123456
20210838 123456
20210839 123456
20210840 123456
20210841 123456
20210842 123456
20210843 123456
20210844 123456
20210845 123456
20210846 123456
20210847 123456
20210848 123456
20210849 123456
20210850 123456
20210851 123456
20210852 123456
20210853 123456
20210854 123456
20210855 123456
20210856 123456
20210857 123456
20210858 123456
20210859 123456
20210860 123456
20210861 123456
20210862 123456
20210863 123456
20210864 123456
20210865 123456
20210866 123456
20210867 123456
20210868 123456
20210869 123456
20210870 123456
20210871 123456
20210872 123456
20210873 123456
20210874 123456
20210875 123456
20210876 123456
20210877 123456
20210878 123456
20210879 123456
20210880 123456
20210881 123456
20210882 123456
20210883 123456
20210884 123456
20210885 123456
20210886 123456
20210887 123456
20210888 123456
20210889 123456
20210890 123456
20210891 123456
20210892 123456
20210893 123456
20210894 123456
20210895 123456
20210896 123456
20210897 123456
20210898 123456
20210899 123456
20210900 123456
20210901 123456
20210902 123456
20210903 123456
20210904 123456
20210905 123456
20210906 123456
20210907 123456
20210908 123456
20210909 123456
20210910 123456
20210911 123456
20210912 123456
20210913 123456
20210914 123456
20210915 123456
20210916 123456
20210917 123456
20210918 123456
20210919 123456
20210920 123456
20210921 123456
20210922 123456
20210923 123456
20210924 123456
20210925 123456
20210926 123456
20210927 123456
20210928 123456
20210929 123456
20210930 123456
20210931 123456
20210932 123456
20210933 123456
20210934 123456
20210935 123456
20210936 123456
20210937 123456
20210938 123456
20210939 123456
20210940 123456
20210941 123456
20210942 123456
20210943 123456
20210944 123456
20210945 123456
20210946 123456
20210947 123456
20210948 123456
20210949 123456
20210950 123456
20210951 123456
20210952 123456
20210953 123456
20210954 123456
20210955 123456
20210956 123456
20210957 123456
20210958 123456
20210959 123456
20210960 123456
20210961 123456
20210962 123456
20210963 123456
20210964 123456
20210965 123456
20210966 123456
20210967 123456
20210968 123456
20210969 123456
20210970 123456
20210971 123456
20210972 123456
20210973 123456
20210974 123456
20210975 123456
20210976 123456
20210977 123456
20210978 123456
20210979 123456
20210980 123456
20210981 123456
20210982 123456
20210983 123456
20210984 123456
20210985 123456
20210986 123456
20210987 123456
20210988 123456
20210989 123456
20210990 123456
20210991 123456
20210992 123456
20210993 123456
20210994 123456
20210995 123456
20210996 123456
20210997 123456
20210998 123456
20210999 123456
20211000 123456
20211001 123456
20211002 123456
20211003 123456
20211004 123456
20211005 123456
20211006 123456
20211007 123456
20211008 123456
20211009 123456
20211010 123456
20211011 123456
20211012 123456
20211013 123456
20211014 123456
20211015 123456
20211016 123456
20211017 123456
20211018 123456
20211019 123456
20211020 123456
20211021 123456
20211022 123456
20211023 123456
20211024 123456
20211025 123456
20211026 123456
20211027 123456
20211028 123456
20211029 123456
20211030 123456
20211031 123456
20211032 123456
20211033 123456
20211034 123456
20211035 123456
20211036 123456
20211037 123456
20211038 123456
20211039 123456
20211040 123456
20211041 123456
20211042 123456
20211043 123456
20211044 123456
20211045 123456
20211046 123456
20211047 123456
20211048 123456
20211049 123456
20211050 123456
20211051 123456
20211052 123456
20211053 123456
20211054 123456
20211055 123456
20211056 123456
20211057 123456
20211058 123456
20211059 123456
20211060 123456
20211061 123456
20211062 123456
20211063 123456
20211064 123456
20211065 123456
20211066 123456
20211067 123456
20211068 123456
20211069 123456
20211070 123456
20211071 123456
20211072 123456
20211073 123456
20211074 123456
20211075 123456
20211076 123456
20211077 123456
20211078 123456
20211079 123456
20211080 123456
20211081 123456
20211082 123456
20211083 123456
20211084 123456
20211085 123456
20211086 123456
20211087 123456
20211088 123456
20211089 123456
20211090 123456
20211091 123456
20211092 123456
20211093 123456
20211094 123456
20211095 123456
20211096 123456
20211097 123456
20211098 123456
20211099 123456
20211100 123456
20211101 123456
20211102 123456
20211103 123456
20211104 123456
20211105 123456
20211106 123456
20211107 123456
20211108 123456
20211109 123456
20211110 123456
20211111 123456
20211112 123456
20211113 123456
20211114 123456
20211115 123456
20211116 123456
20211117 123456
20211118 123456
20211119 123456
20211120 123456
20211121 123456
20211122 123456
20211123 123456
20211124 123456
20211125 123456
20211126 123456
20211127 123456
20211128 123456
20211129 123456
20211130 123456
20211131 123456
20211132 123456
20211133 123456
20211134 123456
20211135 123456
20211136 123456
20211137 123456
20211138 123456
20211139 123456
20211140 123456
20211141 123456
20211142 123456
20211143 123456
20211144 123456
20211145 123456
20211146 123456
20211147 123456
20211148 123456
20211149 123456
20211150 123456
20211151 123456
20211152 123456
20211153 123456
20211154 123456
20211155 123456
20211156 123456
20211157 123456
20211158 123456
20211159 123456
20211160 123456
20211161 123456
20211162 123456
20211163 123456
20211164 123456
20211165 123456
20211166 123456
20211167 123456
20211168 123456
20211169 123456
20211170 123456
20211171 123456
20211172 123456
20211173 123456
20211174 123456
20211175 123456
20211176 123456
20211177 123456
20211178 123456
20211179 123456
20211180 123456
20211181 123456
20211182 123456
20211183 123456
20211184 123456
20211185 123456
20211186 123456
20211187 123456
20211188 123456
20211189 123456
20211190 123456
20211191 123456
20211192 123456
20211193 123456
20211194 123456
20211195 123456
20211196 123456
20211197 123456
20211198 123456
20211199 123456
20211200 123456
20211201 123456
20211202 123456
20211203 123456
20211204 123456
20211205 123456
20211206 123456
20211207 123456
20211208 123456
20211209 123456
20211210 123456
20211211 123456
20211212 123456
20211213 123456
20211214 123456
20211215 123456
20211216 123456
20211217 123456
20211218 123456
20211219 123456
20211220 123456
20211221 123456
20211222 123456
20211223 123456
20211224 123456
20211225 123456
20211226 123456
20211227 123456
20211228 123456
20211229 123456
20211230 123456
20211231 123456
20211232 123456
20211233 123456
20211234 123456
20211235 123456
20211236 123456
20211237 123456
20211238 123456
20211239 123456
20211240 123456
20211241 123456
20211242 123456
20211243 123456
20211244 123456
20211245 123456
20211246 123456
20211247 123456
20211248 123456
20211249 123456
20211250 123456
20211251 123456
20211252 123456
20211253 123456
20211254 123456
20211255 123456
20211256 123456
20211257 123456
20211258 123456
20211259 123456
20211260 123456
20211261 123456
20211262 123456
20211263 123456
20211264 123456
20211265 123456
20211266 123456
20211267 123456
20211268 123456
20211269 123456
20211270 123456
20211271 123456
20211272 123456
20211273 123456
20211274 123456
20211275 123456
20211276 123456
20211277 123456
20211278 123456
20211279 123456
20211280 123456
20211281 123456
20211282 123456
20211283 123456
20211284 123456
20211285 123456
20211286 123456
20211287 123456
20211288 123456
20211289 123456
20211290 123456
20211291 123456
20211292 123456
20211293 123456
20211294 123456
20211295 123456
20211296 123456
20211297 123456
20211298 123456
20211299 123456
20211300 123456
20211301 123456
20211302 123456
20211303 123456
20211304 123456
20211305 123456
20211306 123456
20211307 123456
20211308 123456
20211309 123456
20211310 123456
20211311 123456
20211312 123456
20211313 123456
20211314 123456
20211315 123456
20211316 123456
20211317 123456
20211318 123456
20211319 123456
20211320 123456
20211321 123456
20211322 123456
20211323 123456
20211324 123456
20211325 123456
20211326 123456
20211327 123456
20211328 123456
20211329 123456
20211330 123456
20211331 123456
20211332 123456
20211333 123456
20211334 123456
20211335 123456
20211336 123456
20211337 123456
20211338 123456
20211339 123456
20211340 123456
20211341 123456
20211342 123456
20211343 123456
20211344 123456
20211345 123456
20211346 123456
20211347 123456
20211348 123456
20211349 123456
20211350 123456
20211351 123456
20211352 123456
20211353 123456
20211354 123456
20211355 123456
20211356 123456
20211357 123456
20211358 123456
20211359 123456
20211360 123456
20211361 123456
20211362 123456
20211363 123456
20211364 123456
20211365 123456
20211366 123456
20211367 123456
20211368 123456
20211369 123456
20211370 123456
20211371 123456
20211372 123456
20211373 123456
20211374 123456
20211375 123456
20211376 123456
20211377 123456
20211378 123456
20211379 123456
20211380 123456
20211381 123456
20211382 123456
20211383 123456
20211384 123456
20211385 123456
20211386 123456
20211387 123456
20211388 123456
20211389 123456
20211390 123456
20211391 123456
20211392 123456
20211393 123456
20211394 123456
20211395 123456
20211396 123456
20211397 123456
20211398 123456
20211399 123456
20211400 123456
20211401 123456
20211402 123456
20211403 123456
20211404 123456
20211405 123456
20211406 123456
20211407 123456
20211408 123456
20211409 123456
20211410 123456
20211411 123456
20211412 123456
20211413 123456
20211414 123456
20211415 123456
20211416 123456
20211417 123456
20211418 123456
20211419 123456
20211420 123456
20211421 123456
20211422 123456
20211423 123456
20211424 123456
20211425 123456
20211426 123456
20211427 123456
20211428 123456
20211429 123456
20211430 123456
20211431 123456
20211432 123456
20211433 123456
20211434 123456
20211435 123456
20211436 123456
20211437 123456
20211438 123456
20211439 123456
20211440 123456
20211441 123456
20211442 123456
20211443 123456
20211444 123456
20211445 123456
20211446 123456
20211447 123456
20211448 123456
20211449 123456
20211450 123456
20211451 123456
20211452 123456
20211453 123456
20211454 123456
20211455 123456
20211456 123456
20211457 123456
20211458 123456
20211459 123456
20211460 123456
20211461 123456
20211462 123456
20211463 123456
20211464 123456
20211465 123456
20211466 123456
20211467 123456
20211468 123456
20211469 123456
20211470 123456
20211471 123456
20211472 123456
20211473 123456
20211474 123456
20211475 123456
20211476 123456
20211477 123456
20211478 123456
20211479 123456
20211480 123456
20211481 123456
20211482 123456
20211483 123456
20211484 123456
20211485 123456
20211486 123456
20211487 123456
20211488 123456
20211489 123456
20211490 123456
20211491 123456
20211492 123456
20211493 123456
20211494 123456
20211495 123456
20211496 123456
20211497 123456
20211498 123456
20211499 123456
20211500 123456
20211501 123456
20211502 123456
20211503 123456
20211504 123456
20211505 123456
20211506 123456
20211507 123456
20211508 123456
20211509 123456
20211510 123456
20211511 123456
20211512 123456
20211513 123456
20211514 123456
20211515 123456
20211516 123456
20211517 123456
20211518 123456
20211519 123456
20211520 123456
20211521 123456
20211522 123456
20211523 123456
20211524 123456
20211525 123456
20211526 123456
20211527 123456
20211528 123456
20211529 123456
20211530 123456
20211531 123456
20211532 123456
20211533 123456
20211534 123456
20211535 123456
20211536 123456
20211537 123456
20211538 123456
20211539 123456
20211540 123456
20211541 123456
20211542 123456
20211543 123456
20211544 123456
20211545 123456
20211546 123456
20211547 123456
20211548 123456
20211549 123456
20211550 123456
20211551 123456
20211552 123456
20211553 123456
20211554 123456
20211555 123456
20211556 123456
20211557 123456
20211558 123456
20211559 123456
20211560 123456
20211561 123456
20211562 123456
20211563 123456
20211564 123456
20211565 123456
20211566 123456
20211567 123456
20211568 123456
20211569 123456
20211570 123456
20211571 123456
20211572 123456
20211573 123456
20211574 123456
20211575 123456
20211576 123456
20211577 123456
20211578 123456
20211579 123456
20211580 123456
20211581 123456
20211582 123456
20211583 123456
20211584 123456
20211585 123456
20211586 123456
20211587 123456
20211588 123456
20211589 123456
20211590 123456
20211591 123456
20211592 123456
20211593 123456
20211594 123456
20211595 123456
20211596 123456
20211597 123456
20211598 123456
20211599 123456
20211600 123456
20211601 123456
20211602 123456
20211603 123456
20211604 123456
20211605 123456
20211606 123456
20211607 123456
20211608 123456
20211609 123456
20211610 123456
20211611 123456
20211612 123456
20211613 123456
20211614 123456
20211615 123456
20211616 123456
20211617 123456
20211618 123456
20211619 123456
20211620 123456
20211621 123456
20211622 123456
20211623 123456
20211624 123456
20211625 123456
20211626 123456
20211627 123456
20211628 123456
20211629 123456
20211630 123456
20211631 123456
20211632 123456
20211633 123456
20211634 123456
20211635 123456
20211636 123456
20211637 123456
20211638 123456
20211639 123456
20211640 123456
20211641 123456
20211642 123456
20211643 123456
20211644 123456
20211645 123456
20211646 123456
20211647 123456
20211648 123456
20211649 123456
20211650 123456
20211651 123456
20211652 123456
20211653 123456
20211654 123456
20211655 123456
20211656 123456
20211657 123456
20211658 123456
20211659 123456
20211660 123456
20211661 123456
20211662 123456
20211663 123456
20211664 123456
20211665 123456
20211666 123456
20211667 123456
20211668 123456
20211669 123456
20211670 123456
20211671 123456
20211672 123456
20211673 123456
20211674 123456
20211675 123456
20211676 123456
20211677 123456
20211678 123456
20211679 123456
20211680 123456
20211681 123456
20211682 123456
20211683 123456
20211684 123456
20211685 123456
20211686 123456
20211687 123456
20211688 123456
20211689 123456
20211690 123456
20211691 123456
20211692 123456
20211693 123456
20211694 123456
20211695 123456
20211696 123456
20211697 123456
20211698 123456
20211699 123456
20211700 123456
20211701 123456
20211702 123456
20211703 123456
20211704 123456
20211705 123456
20211706 123456
20211707 123456
20211708 123456
20211709 123456
20211710 123456
20211711 123456
20211712 123456
20211713 123456
20211714 123456
20211715 123456
20211716 123456
20211717 123456
20211718 123456
20211719 123456
20211720 123456
20211721 123456
20211722 123456
20211723 123456
20211724 123456
20211725 123456
20211726 123456
20211727 123456
20211728 123456
20211729 123456
20211730 123456
20211731 123456
20211732 123456
20211733 123456
20211734 123456
20211735 123456
20211736 123456
20211737 123456
20211738 123456
20211739 123456
20211740 123456
20211741 123456
20211742 123456
20211743 123456
20211744 123456
20211745 123456
20211746 123456
20211747 123456
20211748 123456
20211749 123456
20211750 123456
20211751 123456
20211752 123456
20211753 123456
20211754 123456
20211755 123456
20211756 123456
20211757 123456
20211758 123456
20211759 123456
20211760 123456
20211761 123456
20211762 123456
20211763 123456
20211764 123456
20211765 123456
20211766 123456
20211767 123456
20211768 123456
20211769 123456
20211770 123456
20211771 123456
20211772 123456
20211773 123456
20211774 123456
20211775 123456
20211776 123456
20211777 123456
20211778 123456
20211779 123456
20211780 123456
20211781 123456
20211782 123456
20211783 123456
20211784 123456
20211785 123456
20211786 123456
20211787 123456
20211788 123456
20211789 123456
20211790 123456
20211791 123456
20211792 123456
20211793 123456
20211794 123456
20211795 123456
20211796 123456
20211797 123456
20211798 123456
20211799 123456
20211800 123456
20211801 123456
20211802 123456
20211803 123456
20211804 123456
20211805 123456
20211806 123456
20211807 123456
20211808 123456
20211809 123456
20211810 123456
20211811 123456
20211812 123456
20211813 123456
20211814 123456
20211815 123456
20211816 123456
20211817 123456
20211818 123456
20211819 123456
20211820 123456
20211821 123456
20211822 123456
20211823 123456
20211824 123456
20211825 123456
20211826 123456
20211827 123456
20211828 123456
20211829 123456
20211830 123456
20211831 123456
20211832 123456
20211833 123456
20211834 123456
20211835 123456
20211836 123456
20211837 123456
20211838 123456
20211839 123456
20211840 123456
20211841 123456
20211842 123456
20211843 123456
20211844 123456
20211845 123456
20211846 123456
20211847 123456
20211848 123456
20211849 123456
20211850 123456
20211851 123456
20211852 123456
20211853 123456
20211854 123456
20211855 123456
20211856 123456
20211857 123456
20211858 123456
20211859 123456
20211860 123456
20211861 123456
20211862 123456
20211863 123456
20211864 123456
20211865 123456
20211866 123456
20211867 123456
20211868 123456
20211869 123456
20211870 123456
20211871 123456
20211872 123456
20211873 123456
20211874 123456
20211875 123456
20211876 123456
20211877 123456
20211878 123456
20211879 123456
20211880 123456
20211881 123456
20211882 123456
20211883 123456
20211884 123456
20211885 123456
20211886 123456
20211887 123456
20211888 123456
20211889 123456
20211890 123456
20211891 123456
20211892 123456
20211893 123456
20211894 123456
20211895 123456
20211896 123456
20211897 123456
20211898 123456
20211899 123456
20211900 123456
20211901 123456
20211902 123456
20211903 123456
20211904 123456
20211905 123456
20211906 123456
20211907 123456
20211908 123456
20211909 123456
20211910 123456
20211911 123456
20211912 123456
20211913 123456
20211914 123456
20211915 123456
20211916 123456
20211917 123456
20211918 123456
20211919 123456
20211920 123456
20211921 123456
20211922 123456
20211923 123456
20211924 123456
20211925 123456
20211926 123456
20211927 123456
20211928 123456
20211929 123456
20211930 123456
20211931 123456
20211932 123456
20211933 123456
20211934 123456
20211935 123456
20211936 123456
20211937 123456
20211938 123456
20211939 123456
20211940 123456
20211941 123456
20211942 123456
20211943 123456
20211944 123456
20211945 123456
20211946 123456
20211947 123456
20211948 123456
20211949 123456
20211950 123456
20211951 123456
20211952 123456
20211953 123456
20211954 123456
20211955 123456
20211956 123456
20211957 123456
20211958 123456
20211959 123456
20211960 123456
20211961 123456
20211962 123456
20211963 123456
20211964 123456
20211965 123456
20211966 123456
20211967 123456
20211968 123456
20211969 123456
20211970 123456
20211971 123456
20211972 123456
20211973 123456
20211974 123456
20211975 123456
20211976 123456
20211977 123456
20211978 123456
20211979 123456
20211980 123456
20211981 123456
20211982 123456
20211983 123456
20211984 123456
20211985 123456
20211986 123456
20211987 123456
20211988 123456
20211989 123456
20211990 123456
20211991 123456
20211992 123456
20211993 123456
20211994 123456
20211995 123456
20211996 123456
20211997 123456
20211998 123456
20211999 123456
20212000 123456
20212001 123456
20212002 123456
20212003 123456
20212004 123456
20212005 123456
20212006 123456
20212007 123456
20212008 123456
20212009 123456
20212010 123456
20212011 123456
20212012 123456
20212013 123456
20212014 123456
20212015 123456
20212016 123456
20212017 123456
20212018 123456
20212019 123456
20212020 123456
20212021 123456
20212022 123456
20212023 123456
20212024 123456
20212025 123456
20212026 123456
20212027 123456
20212028 123456
20212029 123456
20212030 123456
20212031 123456
20212032 123456
20212033 123456
20212034 123456
20212035 123456
20212036 123456
20212037 123456
20212038 123456
20212039 123456
20212040 123456
20212041 123456
20212042 123456
20212043 123456
20212044 123456
20212045 123456
20212046 123456
20212047 123456
20212048 123456
20212049 123456
20212050 123456
20212051 123456
20212052 123456
20212053 123456
20212054 123456
20212055 123456
20212056 123456
20212057 123456
20212058 123456
20212059 123456
20212060 123456
20212061 123456
20212062 123456
20212063 123456
20212064 123456
20212065 123456
20212066 123456
20212067 123456
20212068 123456
20212069 123456
20212070 123456
20212071 123456
20212072 123456
20212073 123456
20212074 123456
20212075 123456
20212076 123456
20212077 123456
20212078 123456
20212079 123456
20212080 123456
20212081 123456
20212082 123456
20212083 123456
20212084 123456
20212085 123456
20212086 123456
20212087 123456
20212088 123456
20212089 123456
20212090 123456
20212091 123456
20212092 123456
20212093 123456
20212094 123456
20212095 123456
20212096 123456
20212097 123456
20212098 123456
20212099 123456
20212100 123456
20212101 123456
20212102 123456
20212103 123456
20212104 123456
20212105 123456
20212106 123456
20212107 123456
20212108 123456
20212109 123456
20212110 123456
20212111 123456
20212112 123456
20212113 123456
20212114 123456
20212115 123456
20212116 123456
20212117 123456
20212118 123456
20212119 123456
20212120 123456
20212121 123456
20212122 123456
20212123 123456
20212124 123456
20212125 123456
20212126 123456
20212127 123456
20212128 123456
20212129 123456
20212130 123456
20212131 123456
20212132 123456
20212133 123456
20212134 123456
20212135 123456
20212136 123456
20212137 123456
20212138 123456
20212139 123456
20212140 123456
20212141 123456
20212142 123456
20212143 123456
20212144 123456
20212145 123456
20212146 123456
20212147 123456
20212148 123456
20212149 123456
20212150 123456
20212151 123456
20212152 123456
20212153 123456
20212154 123456
20212155 123456
20212156 123456
20212157 123456
20212158 123456
20212159 123456
20212160 123456
20212161 123456
20212162 123456
20212163 123456
20212164 123456
20212165 123456
20212166 123456
20212167 123456
20212168 123456
20212169 123456
20212170 123456
20212171 123456
20212172 123456
20212173 123456
20212174 123456
20212175 123456
20212176 123456
20212177 123456
20212178 123456
20212179 123456
20212180 123456
20212181 123456
20212182 123456
20212183 123456
20212184 123456
20212185 123456
20212186 123456
20212187 123456
20212188 123456
20212189 123456
20212190 123456
20212191 123456
20212192 123456
20212193 123456
20212194 123456
20212195 123456
20212196 123456
20212197 123456
20212198 123456
20212199 123456
20212200 123456
20212201 123456
20212202 123456
20212203 123456
20212204 123456
20212205 123456
20212206 123456
20212207 123456
20212208 123456
20212209 123456
20212210 123456
20212211 123456
20212212 123456
20212213 123456
20212214 123456
20212215 123456
20212216 123456
20212217 123456
20212218 123456
20212219 123456
20212220 123456
20212221 123456
20212222 123456
20212223 123456
20212224 123456
20212225 123456
20212226 123456
20212227 123456
20212228 123456
20212229 123456
20212230 123456
20212231 123456
20212232 123456
20212233 123456
20212234 123456
20212235 123456
20212236 123456
20212237 123456
20212238 123456
20212239 123456
20212240 123456
20212241 123456
20212242 123456
20212243 123456
20212244 123456
20212245 123456
20212246 123456
20212247 123456
20212248 123456
20212249 123456
20212250 123456
20212251 123456
20212252 123456
20212253 123456
20212254 123456
20212255 123456
20212256 123456
20212257 123456
20212258 123456
20212259 123456
20212260 123456
20212261 123456
20212262 123456
20212263 123456
20212264 123456
20212265 123456
20212266 123456
20212267 123456
20212268 123456
20212269 123456
20212270 123456
20212271 123456
20212272 123456
20212273 123456
20212274 123456
20212275 123456
20212276 123456
20212277 123456
20212278 123456
20212279 123456
20212280 123456
20212281 123456
20212282 123456
20212283 123456
20212284 123456
20212285 123456
20212286 123456
20212287 123456
20212288 123456
20212289 123456
20212290 123456
20212291 123456
20212292 123456
20212293 123456
20212294 123456
20212295 123456
20212296 123456
20212297 123456
20212298 123456
20212299 123456
20212300 123456
20212301 123456
20212302 123456
20212303 123456
20212304 123456
20212305 123456
20212306 123456
20212307 123456
20212308 123456
20212309 123456
20212310 123456
20212311 123456
20212312 123456
20212313 123456
20212314 123456
20212315 123456
20212316 123456
20212317 123456
20212318 123456
20212319 123456
20212320 123456
20212321 123456
20212322 123456
20212323 123456
20212324 123456
20212325 123456
20212326 123456
20212327 123456
20212328 123456
20212329 123456
20212330 123456
20212331 123456
20212332 123456
20212333 123456
20212334 123456
20212335 123456
20212336 123456
20212337 123456
20212338 123456
20212339 123456
20212340 123456
20212341 123456
20212342 123456
20212343 123456
20212344 123456
20212345 123456
20212346 123456
20212347 123456
20212348 123456
20212349 123456
20212350 123456
20212351 123456
20212352 123456
20212353 123456
20212354 123456
20212355 123456
20212356 123456
20212357 123456
20212358 123456
20212359 123456
20212360 123456
20212361 123456
20212362 123456
20212363 123456
20212364 123456
20212365 123456
20212366 123456
20212367 123456
20212368 123456
20212369 123456
20212370 123456
20212371 123456
20212372 123456
20212373 123456
20212374 123456
20212375 123456
20212376 123456
20212377 123456
20212378 123456
20212379 123456
20212380 123456
20212381 123456
20212382 123456
20212383 123456
20212384 123456
20212385 123456
20212386 123456
20212387 123456
20212388 123456
20212389 123456
20212390 123456
20212391 123456
20212392 123456
20212393 123456
20212394 123456
20212395 123456
20212396 123456
20212397 123456
20212398 123456
20212399 123456
20212400 123456
20212401 123456
20212402 123456
20212403 123456
20212404 123456
20212405 123456
20212406 123456
20212407 123456
20212408 123456
20212409 123456
20212410 123456
20212411 123456
20212412 123456
20212413 123456
20212414 123456
20212415 123456
20212416 123456
20212417 123456
20212418 123456
20212419 123456
20212420 123456
20212421 123456
20212422 123456
20212423 123456
20212424 123456
20212425 123456
20212426 123456
20212427 123456
20212428 123456
20212429 123456
20212430 123456
20212431 123456
20212432 123456
20212433 123456
20212434 123456
20212435 123456
20212436 123456
20212437 123456
20212438 123456
20212439 123456
20212440 123456
20212441 123456
20212442 123456
20212443 123456
20212444 123456
20212445 123456
20212446 123456
20212447 123456
20212448 123456
20212449 123456
20212450 123456
20212451 123456
20212452 123456
20212453 123456
20212454 123456
20212455 123456
20212456 123456
20212457 123456
20212458 123456
20212459 123456
20212460 123456
20212461 123456
20212462 123456
20212463 123456
20212464 123456
20212465 123456
20212466 123456
20212467 123456
20212468 123456
20212469 123456
20212470 123456
20212471 123456
20212472 123456
20212473 123456
20212474 123456
20212475 123456
20212476 123456
20212477 123456
20212478 123456
20212479 123456
20212480 123456
20212481 123456
20212482 123456
20212483 123456
20212484 123456
20212485 123456
20212486 123456
20212487 123456
20212488 123456
20212489 123456
20212490 123456
20212491 123456
20212492 123456
20212493 123456
20212494 123456
20212495 123456
20212496 123456
20212497 123456
20212498 123456
20212499 123456
20212500 123456
20212501 123456
20212502 123456
20212503 123456
20212504 123456
20212505 123456
20212506 123456
20212507 123456
20212508 123456
20212509 123456
20212510 123456
20212511 123456
20212512 123456
20212513 123456
20212514 123456
20212515 123456
20212516 123456
20212517 123456
20212518 123456
20212519 123456
20212520 123456
20212521 123456
20212522 123456
20212523 123456
20212524 123456
20212525 123456
20212526 123456
20212527 123456
20212528 123456
20212529 123456
20212530 123456
20212531 123456
20212532 123456
20212533 123456
20212534 123456
20212535 123456
20212536 123456
20212537 123456
20212538 123456
20212539 123456
20212540 123456
20212541 123456
20212542 123456
20212543 123456
20212544 123456
20212545 123456
20212546 123456
20212547 123456
20212548 123456
20212549 123456
20212550 123456
20212551 123456
20212552 123456
20212553 123456
20212554 123456
20212555 123456
20212556 123456
20212557 123456
20212558 123456
20212559 123456
20212560 123456
20212561 123456
20212562 123456
20212563 123456
20212564 123456
20212565 123456
20212566 123456
20212567 123456
20212568 123456
20212569 123456
20212570 123456
20212571 123456
20212572 123456
20212573 123456
20212574 123456
20212575 123456
20212576 123456
20212577 123456
20212578 123456
20212579 123456
20212580 123456
20212581 123456
20212582 123456
20212583 123456
20212584 123456
20212585 123456
20212586 123456
20212587 123456
20212588 123456
20212589 123456
20212590 123456
20212591 123456
20212592 123456
20212593 123456
20212594 123456
20212595 123456
20212596 123456
20212597 123456
20212598 123456
20212599 123456
20212600 123456
20212601 123456
20212602 123456
20212603 123456
20212604 123456
20212605 123456
20212606 123456
20212607 123456
20212608 123456
20212609 123456
20212610 123456
20212611 123456
20212612 123456
20212613 123456
20212614 123456
20212615 123456
20212616 123456
20212617 123456
20212618 123456
20212619 123456
20212620 123456
20212621 123456
20212622 123456
20212623 123456
20212624 123456
20212625 123456
20212626 123456
20212627 123456
20212628 123456
20212629 123456
20212630 123456
20212631 123456
20212632 123456
20212633 123456
20212634 123456
20212635 123456
20212636 123456
20212637 123456
20212638 123456
20212639 123456
20212640 123456
20212641 123456
20212642 123456
20212643 123456
20212644 123456
20212645 123456
20212646 123456
20212647 123456
20212648 123456
20212649 123456
20212650 123456
20212651 123456
20212652 123456
20212653 123456
20212654 123456
20212655 123456
20212656 123456
20212657 123456
20212658 123456
20212659 123456
20212660 123456
20212661 123456
20212662 123456
20212663 123456
20212664 123456
20212665 123456
20212666 123456
20212667 123456
20212668 123456
20212669 123456
20212670 123456
20212671 123456
20212672 123456
20212673 123456
20212674 123456
20212675 123456
20212676 123456
20212677 123456
20212678 123456
20212679 123456
20212680 123456
20212681 123456
20212682 123456
20212683 123456
20212684 123456
20212685 123456
20212686 123456
20212687 123456
20212688 123456
20212689 123456
20212690 123456
20212691 123456
20212692 123456
20212693 123456
20212694 123456
20212695 123456
20212696 123456
20212697 123456
20212698 123456
20212699 123456
20212700 123456
20212701 123456
20212702 123456
20212703 123456
20212704 123456
20212705 123456
20212706 123456
20212707 123456
20212708 123456
20212709 123456
20212710 123456
20212711 123456
20212712 123456
20212713 123456
20212714 123456
20212715 123456
20212716 123456
20212717 123456
20212718 123456
20212719 123456
20212720 123456
20212721 123456
20212722 123456
20212723 123456
20212724 123456
20212725 123456
20212726 123456
20212727 123456
20212728 123456
20212729 123456
20212730 123456
20212731 123456
20212732 123456
20212733 123456
20212734 123456
20212735 123456
20212736 123456
20212737 123456
20212738 123456
20212739 123456
20212740 123456
20212741 123456
20212742 123456
20212743 123456
20212744 123456
20212745 123456
20212746 123456
20212747 123456
20212748 123456
20212749 123456
20212750 123456
20212751 123456
20212752 123456
20212753 123456
20212754 123456
20212755 123456
20212756 123456
20212757 123456
20212758 123456
20212759 123456
20212760 123456
20212761 123456
20212762 123456
20212763 123456
20212764 123456
20212765 123456
20212766 123456
20212767 123456
20212768 123456
20212769 123456
20212770 123456
20212771 123456
20212772 123456
20212773 123456
20212774 123456
20212775 123456
20212776 123456
20212777 123456
20212778 123456
20212779 123456
20212780 123456
20212781 123456
20212782 123456
20212783 123456
20212784 123456
20212785 123456
20212786 123456
20212787 123456
20212788 123456
20212789 123456
20212790 123456
20212791 123456
20212792 123456
20212793 123456
20212794 123456
20212795 123456
20212796 123456
20212797 123456
20212798 123456
20212799 123456
20212800 123456
20212801 123456
20212802 123456
20212803 123456
20212804 123456
20212805 123456
20212806 123456
20212807 123456
20212808 123456
20212809 123456
20212810 123456
20212811 123456
20212812 123456
20212813 123456
20212814 123456
20212815 123456
20212816 123456
20212817 123456
20212818 123456
20212819 123456
20212820 123456
20212821 123456
20212822 123456
20212823 123456
20212824 123456
20212825 123456
20212826 123456
20212827 123456
20212828 123456
20212829 123456
20212830 123456
20212831 123456
20212832 123456
20212833 123456
20212834 123456
20212835 123456
20212836 123456
20212837 123456
20212838 123456
20212839 123456
20212840 123456
20212841 123456
20212842 123456
20212843 123456
20212844 123456
20212845 123456
20212846 123456
20212847 123456
20212848 123456
20212849 123456
20212850 123456
20212851 123456
20212852 123456
20212853 123456
20212854 123456
20212855 123456
20212856 123456
20212857 123456
20212858 123456
20212859 123456
20212860 123456
20212861 123456
20212862 123456
20212863 123456
20212864 123456
20212865 123456
20212866 123456
20212867 123456
20212868 123456
20212869 123456
20212870 123456
20212871 123456
20212872 123456
20212873 123456
20212874 123456
20212875 123456
20212876 123456
20212877 123456
20212878 123456
20212879 123456
20212880 123456
20212881 123456
20212882 123456
20212883 123456
20212884 123456
20212885 123456
20212886 123456
20212887 123456
20212888 123456
20212889 123456
20212890 123456
20212891 123456
20212892 123456
20212893 123456
20212894 123456
20212895 123456
20212896 123456
20212897 123456
20212898 123456
20212899 123456
20212900 123456
20212901 123456
20212902 123456
20212903 123456
20212904 123456
20212905 123456
20212906 123456
20212907 123456
20212908 123456
20212909 123456
20212910 123456
20212911 123456
20212912 123456
20212913 123456
20212914 123456
20212915 123456
20212916 123456
20212917 123456
20212918 123456
20212919 123456
20212920 123456
20212921 123456
20212922 123456
20212923 123456
20212924 123456
20212925 123456
20212926 123456
20212927 123456
20212928 123456
20212929 123456
20212930 123456
20212931 123456
20212932 123456
20212933 123456
20212934 123456
20212935 123456
20212936 123456
20212937 123456
20212938 123456
20212939 123456
20212940 123456
20212941 123456
20212942 123456
20212943 123456
20212944 123456
20212945 123456
20212946 123456
20212947 123456
20212948 123456
20212949 123456
20212950 123456
20212951 123456
20212952 123456
20212953 123456
20212954 123456
20212955 123456
20212956 123456
20212957 123456
20212958 123456
20212959 123456
20212960 123456
20212961 123456
20212962 123456
20212963 123456
20212964 123456
20212965 123456
20212966 123456
20212967 123456
20212968 123456
20212969 123456
20212970 123456
20212971 123456
20212972 123456
20212973 123456
20212974 123456
20212975 123456
20212976 123456
20212977 123456
20212978 123456
20212979 123456
20212980 123456
20212981 123456
20212982 123456
20212983 123456
20212984 123456
20212985 123456
20212986 123456
20212987 123456
20212988 123456
20212989 123456
20212990 123456
20212991 123456
20212992 123456
20212993 123456
20212994 123456
20212995 123456
20212996 123456
20212997 123456
20212998 123456
20212999 123456
20213000 123456
20213001 123456
20213002 123456
20213003 123456
20213004 123456
20213005 123456
20213006 123456
20213007 123456
20213008 123456
20213009 123456
20213010 123456
20213011 123456
20213012 123456
20213013 123456
20213014 123456
20213015 123456
20213016 123456
20213017 123456
20213018 123456
20213019 123456
20213020 123456
20213021 123456
20213022 123456
20213023 123456
20213024 123456
20213025 123456
20213026 123456
20213027 123456
20213028 123456
20213029 123456
20213030 123456
20213031 123456
20213032 123456
20213033 123456
20213034 123456
20213035 123456
20213036 123456
20213037 123456
20213038 123456
20213039 123456
20213040 123456
20213041 123456
20213042 123456
20213043 123456
20213044 123456
20213045 123456
20213046 123456
20213047 123456
20213048 123456
20213049 123456
20213050 123456
20213051 123456
20213052 123456
20213053 123456
20213054 123456
20213055 123456
20213056 123456
20213057 123456
20213058 123456
20213059 123456
20213060 123456
20213061 123456
20213062 123456
20213063 123456
20213064 123456
20213065 123456
20213066 123456
20213067 123456
20213068 123456
20213069 123456
20213070 123456
20213071 123456
20213072 123456
20213073 123456
20213074 123456
20213075 123456
20213076 123456
20213077 123456
20213078 123456
20213079 123456
20213080 123456
20213081 123456
20213082 123456
20213083 123456
20213084 123456
20213085 123456
20213086 123456
20213087 123456
20213088 123456
20213089 123456
20213090 123456
20213091 123456
20213092 123456
20213093 123456
20213094 123456
20213095 123456
20213096 123456
20213097 123456
20213098 123456
20213099 123456
20213100 123456
20213101 123456
20213102 123456
20213103 123456
20213104 123456
20213105 123456
20213106 123456
20213107 123456
20213108 123456
20213109 123456
20213110 123456
20213111 123456
20213112 123456
20213113 123456
20213114 123456
20213115 123456
20213116 123456
20213117 123456
20213118 123456
20213119 123456
20213120 123456
20213121 123456
20213122 123456
20213123 123456
20213124 123456
20213125 123456
20213126 123456
20213127 123456
20213128 123456
20213129 123456
20213130 123456
20213131 123456
20213132 123456
20213133 123456
20213134 123456
20213135 123456
20213136 123456
20213137 123456
20213138 123456
20213139 123456
20213140 123456
20213141 123456
20213142 123456
20213143 123456
20213144 123456
20213145 123456
20213146 123456
20213147 123456
20213148 123456
20213149 123456
20213150 123456
20213151 123456
20213152 123456
20213153 123456
20213154 123456
20213155 123456
20213156 123456
20213157 123456
20213158 123456
20213159 123456
20213160 123456
20213161 123456
20213162 123456
20213163 123456
20213164 123456
20213165 123456
20213166 123456
20213167 123456
20213168 123456
20213169 123456
20213170 123456
20213171 123456
20213172 123456
20213173 123456
20213174 123456
20213175 123456
20213176 123456
20213177 123456
20213178 123456
20213179 123456
20213180 123456
20213181 123456
20213182 123456
20213183 123456
20213184 123456
20213185 123456
20213186 123456
20213187 123456
20213188 123456
20213189 123456
20213190 123456
20213191 123456
20213192 123456
20213193 123456
20213194 123456
20213195 123456
20213196 123456
20213197 123456
20213198 123456
20213199 123456
20213200 123456
20213201 123456
20213202 123456
20213203 123456
20213204 123456
20213205 123456
20213206 123456
20213207 123456
20213208 123456
20213209 123456
20213210 123456
20213211 123456
20213212 123456
20213213 123456
20213214 123456
20213215 123456
20213216 123456
20213217 123456
20213218 123456
20213219 123456
20213220 123456
20213221 123456
20213222 123456
20213223 123456
20213224 123456
20213225 123456
20213226 123456
20213227 123456
20213228 123456
20213229 123456
20213230 123456
20213231 123456
20213232 123456
20213233 123456
20213234 123456
20213235 123456
20213236 123456
20213237 123456
20213238 123456
20213239 123456
20213240 123456
20213241 123456
20213242 123456
20213243 123456
20213244 123456
20213245 123456
20213246 123456
20213247 123456
20213248 123456
20213249 123456
20213250 123456
20213251 123456
20213252 123456
20213253 123456
20213254 123456
20213255 123456
20213256 123456
20213257 123456
20213258 123456
20213259 123456
20213260 123456
20213261 123456
20213262 123456
20213263 123456
20213264 123456
20213265 123456
20213266 123456
20213267 123456
20213268 123456
20213269 123456
20213270 123456
20213271 123456
20213272 123456
20213273 123456
20213274 123456
20213275 123456
20213276 123456
20213277 123456
20213278 123456
20213279 123456
20213280 123456
20213281 123456
20213282 123456
20213283 123456
20213284 123456
20213285 123456
20213286 123456
20213287 123456
20213288 123456
20213289 123456
20213290 123456
20213291 123456
20213292 123456
20213293 123456
20213294 123456
20213295 123456
20213296 123456
20213297 123456
20213298 123456
20213299 123456
20213300 123456
20213301 123456
20213302 123456
20213303 123456
20213304 123456
20213305 123456
20213306 123456
20213307 123456
20213308 123456
20213309 123456
20213310 123456
20213311 123456
20213312 123456
20213313 123456
20213314 123456
20213315 123456
20213316 123456
20213317 123456
20213318 123456
20213319 123456
20213320 123456
20213321 123456
20213322 123456
20213323 123456
20213324 123456
20213325 123456
20213326 123456
20213327 123456
20213328 123456
20213329 123456
20213330 123456
20213331 123456
20213332 123456
20213333 123456
20213334 123456
20213335 123456
20213336 123456
20213337 123456
20213338 123456
20213339 123456
20213340 123456
20213341 123456
20213342 123456
20213343 123456
20213344 123456
20213345 123456
20213346 123456
20213347 123456
20213348 123456
20213349 123456
20213350 123456
20213351 123456
20213352 123456
20213353 123456
20213354 123456
20213355 123456
20213356 123456
20213357 123456
20213358 123456
20213359 123456
20213360 123456
20213361 123456
20213362 123456
20213363 123456
20213364 123456
20213365 123456
20213366 123456
20213367 123456
20213368 123456
20213369 123456
20213370 123456
20213371 123456
20213372 123456
20213373 123456
20213374 123456
20213375 123456
20213376 123456
20213377 123456
20213378 123456
20213379 123456
20213380 123456
20213381 123456
20213382 123456
20213383 123456
20213384 123456
20213385 123456
20213386 123456
20213387 123456
20213388 123456
20213389 123456
20213390 123456
20213391 123456
20213392 123456
20213393 123456
20213394 123456
20213395 123456
20213396 123456
20213397 123456
20213398 123456
20213399 123456
20213400 123456
20213401 123456
20213402 123456
20213403 123456
20213404 123456
20213405 123456
20213406 123456
20213407 123456
20213408 123456
20213409 123456
20213410 123456
20213411 123456
20213412 123456
20213413 123456
20213414 123456
20213415 123456
20213416 123456
20213417 123456
20213418 123456
20213419 123456
20213420 123456
20213421 123456
20213422 123456
20213423 123456
20213424 123456
20213425 123456
20213426 123456
20213427 123456
20213428 123456
20213429 123456
20213430 123456
20213431 123456
20213432 123456
20213433 123456
20213434 123456
20213435 123456
20213436 123456
20213437 123456
20213438 123456
20213439 123456
20213440 123456
20213441 123456
20213442 123456
20213443 123456
20213444 123456
20213445 123456
20213446 123456
20213447 123456
20213448 123456
20213449 123456
20213450 123456
20213451 123456
20213452 123456
20213453 123456
20213454 123456
20213455 123456
20213456 123456
20213457 123456
20213458 123456
20213459 123456
20213460 123456
20213461 123456
20213462 123456
20213463 123456
20213464 123456
20213465 123456
20213466 123456
20213467 123456
20213468 123456
20213469 123456
20213470 123456
20213471 123456
20213472 123456
20213473 123456
20213474 123456
20213475 123456
20213476 123456
20213477 123456
20213478 123456
20213479 123456
20213480 123456
20213481 123456
20213482 123456
20213483 123456
20213484 123456
20213485 123456
20213486 123456
20213487 123456
20213488 123456
20213489 123456
20213490 123456
20213491 123456
20213492 123456
20213493 123456
20213494 123456
20213495 123456
20213496 123456
20213497 123456
20213498 123456
20213499 123456
20213500 123456
20213501 123456
20213502 123456
20213503 123456
20213504 123456
20213505 123456
20213506 123456
20213507 123456
20213508 123456
20213509 123456
20213510 123456
20213511 123456
20213512 123456
20213513 123456
20213514 123456
20213515 123456
20213516 123456
20213517 123456
20213518 123456
20213519 123456
20213520 123456
20213521 123456
20213522 123456
20213523 123456
20213524 123456
20213525 123456
20213526 123456
20213527 123456
20213528 123456
20213529 123456
20213530 123456
20213531 123456
20213532 123456
20213533 123456
20213534 123456
20213535 123456
20213536 123456
20213537 123456
20213538 123456
20213539 123456
20213540 123456
20213541 123456
20213542 123456
20213543 123456
20213544 123456
20213545 123456
20213546 123456
20213547 123456
20213548 123456
20213549 123456
20213550 123456
20213551 123456
20213552 123456
20213553 123456
20213554 123456
20213555 123456
20213556 123456
20213557 123456
20213558 123456
20213559 123456
20213560 123456
20213561 123456
20213562 123456
20213563 123456
20213564 123456
20213565 123456
20213566 123456
20213567 123456
20213568 123456
20213569 123456
20213570 123456
20213571 123456
20213572 123456
20213573 123456
20213574 123456
20213575 123456
20213576 123456
20213577 123456
20213578 123456
20213579 123456
20213580 123456
20213581 123456
20213582 123456
20213583 123456
20213584 123456
20213585 123456
20213586 123456
20213587 123456
20213588 123456
20213589 123456
20213590 123456
20213591 123456
20213592 123456
20213593 123456
20213594 123456
20213595 123456
20213596 123456
20213597 123456
20213598 123456
20213599 123456
20213600 123456
20213601 123456
20213602 123456
20213603 123456
20213604 123456
20213605 123456
20213606 123456
20213607 123456
20213608 123456
20213609 123456
20213610 123456
20213611 123456
20213612 123456
20213613 123456
20213614 123456
20213615 123456
20213616 123456
20213617 123456
20213618 123456
20213619 123456
20213620 123456
20213621 123456
20213622 123456
20213623 123456
20213624 123456
20213625 123456
20213626 123456
20213627 123456
20213628 123456
20213629 123456
20213630 123456
20213631 123456
20213632 123456
20213633 123456
20213634 123456
20213635 123456
20213636 123456
20213637 123456
20213638 123456
20213639 123456
20213640 123456
20213641 123456
20213642 123456
20213643 123456
20213644 123456
20213645 123456
20213646 123456
20213647 123456
20213648 123456
20213649 123456
20213650 123456
20213651 123456
20213652 123456
20213653 123456
20213654 123456
20213655 123456
20213656 123456
20213657 123456
20213658 123456
20213659 123456
20213660 123456
20213661 123456
20213662 123456
20213663 123456
20213664 123456
20213665 123456
20213666 123456
20213667 123456
20213668 123456
20213669 123456
20213670 123456
20213671 123456
20213672 123456
20213673 123456
20213674 123456
20213675 123456
20213676 123456
20213677 123456
20213678 123456
20213679 123456
20213680 123456
20213681 123456
20213682 123456
20213683 123456
20213684 123456
20213685 123456
20213686 123456
20213687 123456
20213688 123456
20213689 123456
20213690 123456
20213691 123456
20213692 123456
20213693 123456
20213694 123456
20213695 123456
20213696 123456
20213697 123456
20213698 123456
20213699 123456
20213700 123456
20213701 123456
20213702 123456
20213703 123456
20213704 123456
20213705 123456
20213706 123456
20213707 123456
20213708 123456
20213709 123456
20213710 123456
20213711 123456
20213712 123456
20213713 123456
20213714 123456
20213715 123456
20213716 123456
20213717 123456
20213718 123456
20213719 123456
20213720 123456
20213721 123456
20213722 123456
20213723 123456
20213724 123456
20213725 123456
20213726 123456
20213727 123456
20213728 123456
20213729 123456
20213730 123456
20213731 123456
20213732 123456
20213733 123456
20213734 123456
20213735 123456
20213736 123456
20213737 123456
20213738 123456
20213739 123456
20213740 123456
20213741 123456
20213742 123456
20213743 123456
20213744 123456
20213745 123456
20213746 123456
20213747 123456
20213748 123456
20213749 123456
20213750 123456
20213751 123456
20213752 123456
20213753 123456
20213754 123456
20213755 123456
20213756 123456
20213757 123456
20213758 123456
20213759 123456
20213760 123456
20213761 123456
20213762 123456
20213763 123456
20213764 123456
20213765 123456
20213766 123456
20213767 123456
20213768 123456
20213769 123456
20213770 123456
20213771 123456
20213772 123456
20213773 123456
20213774 123456
20213775 123456
20213776 123456
20213777 123456
20213778 123456
20213779 123456
20213780 123456
20213781 123456
20213782 123456
20213783 123456
20213784 123456
20213785 123456
20213786 123456
20213787 123456
20213788 123456
20213789 123456
20213790 123456
20213791 123456
20213792 123456
20213793 123456
20213794 123456
20213795 123456
20213796 123456
20213797 123456
20213798 123456
20213799 123456
20213800 123456
20213801 123456
20213802 123456
20213803 123456
20213804 123456
20213805 123456
20213806 123456
20213807 123456
20213808 123456
20213809 123456
20213810 123456
20213811 123456
20213812 123456
20213813 123456
20213814 123456
20213815 123456
20213816 123456
20213817 123456
20213818 123456
20213819 123456
20213820 123456
20213821 123456
20213822 123456
20213823 123456
20213824 123456
20213825 123456
20213826 123456
20213827 123456
20213828 123456
20213829 123456
20213830 123456
20213831 123456
20213832 123456
20213833 123456
20213834 123456
20213835 123456
20213836 123456
20213837 123456
20213838 123456
20213839 123456
20213840 123456
20213841 123456
20213842 123456
20213843 123456
20213844 123456
20213845 123456
20213846 123456
20213847 123456
20213848 123456
20213849 123456
20213850 123456
20213851 123456
20213852 123456
20213853 123456
20213854 123456
20213855 123456
20213856 123456
20213857 123456
20213858 123456
20213859 123456
20213860 123456
20213861 123456
20213862 123456
20213863 123456
20213864 123456
20213865 123456
20213866 123456
20213867 123456
20213868 123456
20213869 123456
20213870 123456
20213871 123456
20213872 123456
20213873 123456
20213874 123456
20213875 123456
20213876 123456
20213877 123456
20213878 123456
20213879 123456
20213880 123456
20213881 123456
20213882 123456
20213883 123456
20213884 123456
20213885 123456
20213886 123456
20213887 123456
20213888 123456
20213889 123456
20213890 123456
20213891 123456
20213892 123456
20213893 123456
20213894 123456
20213895 123456
20213896 123456
20213897 123456
20213898 123456
20213899 123456
20213900 123456
20213901 123456
20213902 123456
20213903 123456
20213904 123456
20213905 123456
20213906 123456
20213907 123456
20213908 123456
20213909 123456
20213910 123456
20213911 123456
20213912 123456
20213913 123456
20213914 123456
20213915 123456
20213916 123456
20213917 123456
20213918 123456
20213919 123456
20213920 123456
20213921 123456
20213922 123456
20213923 123456
20213924 123456
20213925 123456
20213926 123456
20213927 123456
20213928 123456
20213929 123456
20213930 123456
20213931 123456
20213932 123456
20213933 123456
20213934 123456
20213935 123456
20213936 123456
20213937 123456
20213938 123456
20213939 123456
20213940 123456
20213941 123456
20213942 123456
20213943 123456
20213944 123456
20213945 123456
20213946 123456
20213947 123456
20213948 123456
20213949 123456
20213950 123456
20213951 123456
20213952 123456
20213953 123456
20213954 123456
20213955 123456
20213956 123456
20213957 123456
20213958 123456
20213959 123456
20213960 123456
20213961 123456
20213962 123456
20213963 123456
20213964 123456
20213965 123456
20213966 123456
20213967 123456
20213968 123456
20213969 123456
20213970 123456
20213971 123456
20213972 123456
20213973 123456
20213974 123456
20213975 123456
20213976 123456
20213977 123456
20213978 123456
20213979 123456
20213980 123456
20213981 123456
20213982 123456
20213983 123456
20213984 123456
20213985 123456
20213986 123456
20213987 123456
20213988 123456
20213989 123456
20213990 123456
20213991 123456
20213992 123456
20213993 123456
20213994 123456
20213995 123456
20213996 123456
20213997 123456
20213998 123456
20213999 123456
20214000 123456
20214001 123456
20214002 123456
20214003 123456
20214004 123456
20214005 123456
20214006 123456
20214007 123456
20214008 123456
20214009 123456
20214010 123456
20214011 123456
20214012 123456
20214013 123456
20214014 123456
20214015 123456
20214016 123456
20214017 123456
20214018 123456
20214019 123456
20214020 123456
20214021 123456
20214022 123456
20214023 123456
20214024 123456
20214025 123456
20214026 123456
20214027 123456
20214028 123456
20214029 123456
20214030 123456
20214031 123456
20214032 123456
20214033 123456
20214034 123456
20214035 123456
20214036 123456
20214037 123456
20214038 123456
20214039 123456
20214040 123456
20214041 123456
20214042 123456
20214043 123456
20214044 123456
20214045 123456
20214046 123456
20214047 123456
20214048 123456
20214049 123456
20214050 123456
20214051 123456
20214052 123456
20214053 123456
20214054 123456
20214055 123456
20214056 123456
20214057 123456
20214058 123456
20214059 123456
20214060 123456
20214061 123456
20214062 123456
20214063 123456
20214064 123456
20214065 123456
20214066 123456
20214067 123456
20214068 123456
20214069 123456
20214070 123456
20214071 123456
20214072 123456
20214073 123456
20214074 123456
20214075 123456
20214076 123456
20214077 123456
20214078 123456
20214079 123456
20214080 123456
20214081 123456
20214082 123456
20214083 123456
20214084 123456
20214085 123456
20214086 123456
20214087 123456
20214088 123456
20214089 123456
20214090 123456
20214091 123456
20214092 123456
20214093 123456
20214094 123456
20214095 123456
20214096 123456
20214097 123456
20214098 123456
20214099 123456
20214100 123456
20214101 123456
20214102 123456
20214103 123456
20214104 123456
20214105 123456
20214106 123456
20214107 123456
20214108 123456
20214109 123456
20214110 123456
20214111 123456
20214112 123456
20214113 123456
20214114 123456
20214115 123456
20214116 123456
20214117 123456
20214118 123456
20214119 123456
20214120 123456
20214121 123456
20214122 123456
20214123 123456
20214124 123456
20214125 123456
20214126 123456
20214127 123456
20214128 123456
20214129 123456
20214130 123456
20214131 123456
20214132 123456
20214133 123456
20214134 123456
20214135 123456
20214136 123456
20214137 123456
20214138 123456
20214139 123456
20214140 123456
20214141 123456
20214142 123456
20214143 123456
20214144 123456
20214145 123456
20214146 123456
20214147 123456
20214148 123456
20214149 123456
20214150 123456
20214151 123456
20214152 123456
20214153 123456
20214154 123456
20214155 123456
20214156 123456
20214157 123456
20214158 123456
20214159 123456
20214160 123456
20214161 123456
20214162 123456
20214163 123456
20214164 123456
20214165 123456
20214166 123456
20214167 123456
20214168 123456
20214169 123456
20214170 123456
20214171 123456
20214172 123456
20214173 123456
20214174 123456
20214175 123456
20214176 123456
20214177 123456
20214178 123456
20214179 123456
20214180 123456
20214181 123456
20214182 123456
20214183 123456
20214184 123456
20214185 123456
20214186 123456
20214187 123456
20214188 123456
20214189 123456
20214190 123456
20214191 123456
20214192 123456
20214193 123456
20214194 123456
20214195 123456
20214196 123456
20214197 123456
20214198 123456
20214199 123456
20214200 123456
20214201 123456
20214202 123456
20214203 123456
20214204 123456
20214205 123456
20214206 123456
20214207 123456
20214208 123456
20214209 123456
20214210 123456
20214211 123456
20214212 123456
20214213 123456
20214214 123456
20214215 123456
20214216 123456
20214217 123456
20214218 123456
20214219 123456
20214220 123456
20214221 123456
20214222 123456
20214223 123456
20214224 123456
20214225 123456
20214226 123456
20214227 123456
20214228 123456
20214229 123456
20214230 123456
20214231 123456
20214232 123456
20214233 123456
20214234 123456
20214235 123456
20214236 123456
20214237 123456
20214238 123456
20214239 123456
20214240 123456
20214241 123456
20214242 123456
20214243 123456
20214244 123456
20214245 123456
20214246 123456
20214247 123456
20214248 123456
20214249 123456
20214250 123456
20214251 123456
20214252 123456
20214253 123456
20214254 123456
20214255 123456
20214256 123456
20214257 123456
20214258 123456
20214259 123456
20214260 123456
20214261 123456
20214262 123456
20214263 123456
20214264 123456
20214265 123456
20214266 123456
20214267 123456
20214268 123456
20214269 123456
20214270 123456
20214271 123456
20214272 123456
20214273 123456
20214274 123456
20214275 123456
20214276 123456
20214277 123456
20214278 123456
20214279 123456
20214280 123456
20214281 123456
20214282 123456
20214283 123456
20214284 123456
20214285 123456
20214286 123456
20214287 123456
20214288 123456
20214289 123456
20214290 123456
20214291 123456
20214292 123456
20214293 123456
20214294 123456
20214295 123456
20214296 123456
20214297 123456
20214298 123456
20214299 123456
20214300 123456
20214301 123456
20214302 123456
20214303 123456
20214304 123456
20214305 123456
20214306 123456
20214307 123456
20214308 123456
20214309 123456
20214310 123456
20214311 123456
20214312 123456
20214313 123456
20214314 123456
20214315 123456
20214316 123456
20214317 123456
20214318 123456
20214319 123456
20214320 123456
20214321 123456
20214322 123456
20214323 123456
20214324 123456
20214325 123456
20214326 123456
20214327 123456
20214328 123456
20214329 123456
20214330 123456
20214331 123456
20214332 123456
20214333 123456
20214334 123456
20214335 123456
20214336 123456
20214337 123456
20214338 123456
20214339 123456
20214340 123456
20214341 123456
20214342 123456
20214343 123456
20214344 123456
20214345 123456
20214346 123456
20214347 123456
20214348 123456
20214349 123456
20214350 123456
20214351 123456
20214352 123456
20214353 123456
20214354 123456
20214355 123456
20214356 123456
20214357 123456
20214358 123456
20214359 123456
20214360 123456
20214361 123456
20214362 123456
20214363 123456
20214364 123456
20214365 123456
20214366 123456
20214367 123456
20214368 123456
20214369 123456
20214370 123456
20214371 123456
20214372 123456
20214373 123456
20214374 123456
20214375 123456
20214376 123456
20214377 123456
20214378 123456
20214379 123456
20214380 123456
20214381 123456
20214382 123456
20214383 123456
20214384 123456
20214385 123456
20214386 123456
20214387 123456
20214388 123456
20214389 123456
20214390 123456
20214391 123456
20214392 123456
20214393 123456
20214394 123456
20214395 123456
20214396 123456
20214397 123456
20214398 123456
20214399 123456
20214400 123456
20214401 123456
20214402 123456
20214403 123456
20214404 123456
20214405 123456
20214406 123456
20214407 123456
20214408 123456
20214409 123456
20214410 123456
20214411 123456
20214412 123456
20214413 123456
20214414 123456
20214415 123456
20214416 123456
20214417 123456
20214418 123456
20214419 123456
20214420 123456
20214421 123456
20214422 123456
20214423 123456
20214424 123456
20214425 123456
20214426 123456
20214427 123456
20214428 123456
20214429 123456
20214430 123456
20214431 123456
20214432 123456
20214433 123456
20214434 123456
20214435 123456
20214436 123456
20214437 123456
20214438 123456
20214439 123456
20214440 123456
20214441 123456
20214442 123456
20214443 123456
20214444 123456
20214445 123456
20214446 123456
20214447 123456
20214448 123456
20214449 123456
20214450 123456
20214451 123456
20214452 123456
20214453 123456
20214454 123456
20214455 123456
20214456 123456
20214457 123456
20214458 123456
20214459 123456
20214460 123456
20214461 123456
20214462 123456
20214463 123456
20214464 123456
20214465 123456
20214466 123456
20214467 123456
20214468 123456
20214469 123456
20214470 123456
20214471 123456
20214472 123456
20214473 123456
20214474 123456
20214475 123456
20214476 123456
20214477 123456
20214478 123456
20214479 123456
20214480 123456
20214481 123456
20214482 123456
20214483 123456
20214484 123456
20214485 123456
20214486 123456
20214487 123456
20214488 123456
20214489 123456
20214490 123456
20214491 123456
20214492 123456
20214493 123456
20214494 123456
20214495 123456
20214496 123456
20214497 123456
20214498 123456
20214499 123456
20214500 123456
20214501 123456
20214502 123456
20214503 123456
20214504 123456
20214505 123456
20214506 123456
20214507 123456
20214508 123456
20214509 123456
20214510 123456
20214511 123456
20214512 123456
20214513 123456
20214514 123456
20214515 123456
20214516 123456
20214517 123456
20214518 123456
20214519 123456
20214520 123456
20214521 123456
20214522 123456
20214523 123456
20214524 123456
20214525 123456
20214526 123456
20214527 123456
20214528 123456
20214529 123456
20214530 123456
20214531 123456
20214532 123456
20214533 123456
20214534 123456
20214535 123456
20214536 123456
20214537 123456
20214538 123456
20214539 123456
20214540 123456
20214541 123456
20214542 123456
20214543 123456
20214544 123456
20214545 123456
20214546 123456
20214547 123456
20214548 123456
20214549 123456
20214550 123456
20214551 123456
20214552 123456
20214553 123456
20214554 123456
20214555 123456
20214556 123456
20214557 123456
20214558 123456
20214559 123456
20214560 123456
20214561 123456
20214562 123456
20214563 123456
20214564 123456
20214565 123456
20214566 123456
20214567 123456
20214568 123456
20214569 123456
20214570 123456
20214571 123456
20214572 123456
20214573 123456
20214574 123456
20214575 123456
20214576 123456
20214577 123456
20214578 123456
20214579 123456
20214580 123456
20214581 123456
20214582 123456
20214583 123456
20214584 123456
20214585 123456
20214586 123456
20214587 123456
20214588 123456
20214589 123456
20214590 123456
20214591 123456
20214592 123456
20214593 123456
20214594 123456
20214595 123456
20214596 123456
20214597 123456
20214598 123456
20214599 123456
20214600 123456
20214601 123456
20214602 123456
20214603 123456
20214604 123456
20214605 123456
20214606 123456
20214607 123456
20214608 123456
20214609 123456
20214610 123456
20214611 123456
20214612 123456
20214613 123456
20214614 123456
20214615 123456
20214616 123456
20214617 123456
20214618 123456
20214619 123456
20214620 123456
20214621 123456
20214622 123456
20214623 123456
20214624 123456
20214625 123456
20214626 123456
20214627 123456
20214628 123456
20214629 123456
20214630 123456
20214631 123456
20214632 123456
20214633 123456
20214634 123456
20214635 123456
20214636 123456
20214637 123456
20214638 123456
20214639 123456
20214640 123456
20214641 123456
20214642 123456
20214643 123456
20214644 123456
20214645 123456
20214646 123456
20214647 123456
20214648 123456
20214649 123456
20214650 123456
20214651 123456
20214652 123456
20214653 123456
20214654 123456
20214655 123456
20214656 123456
20214657 123456
20214658 123456
20214659 123456
20214660 123456
20214661 123456
20214662 123456
20214663 123456
20214664 123456
20214665 123456
20214666 123456
20214667 123456
20214668 123456
20214669 123456
20214670 123456
20214671 123456
20214672 123456
20214673 123456
20214674 123456
20214675 123456
20214676 123456
20214677 123456
20214678 123456
20214679 123456
20214680 123456
20214681 123456
20214682 123456
20214683 123456
20214684 123456
20214685 123456
20214686 123456
20214687 123456
20214688 123456
20214689 123456
20214690 123456
20214691 123456
20214692 123456
20214693 123456
20214694 123456
20214695 123456
20214696 123456
20214697 123456
20214698 123456
20214699 123456
20214700 123456
20214701 123456
20214702 123456
20214703 123456
20214704 123456
20214705 123456
20214706 123456
20214707 123456
20214708 123456
20214709 123456
20214710 123456
20214711 123456
20214712 123456
20214713 123456
20214714 123456
20214715 123456
20214716 123456
20214717 123456
20214718 123456
20214719 123456
20214720 123456
20214721 123456
20214722 123456
20214723 123456
20214724 123456
20214725 123456
20214726 123456
20214727 123456
20214728 123456
20214729 123456
20214730 123456
20214731 123456
20214732 123456
20214733 123456
20214734 123456
20214735 123456
20214736 123456
20214737 123456
20214738 123456
20214739 123456
20214740 123456
20214741 123456
20214742 123456
20214743 123456
20214744 123456
20214745 123456
20214746 123456
20214747 123456
20214748 123456
20214749 123456
20214750 123456
20214751 123456
20214752 123456
20214753 123456
20214754 123456
20214755 123456
20214756 123456
20214757 123456
20214758 123456
20214759 123456
20214760 123456
20214761 123456
20214762 123456
20214763 123456
20214764 123456
20214765 123456
20214766 123456
20214767 123456
20214768 123456
20214769 123456
20214770 123456
20214771 123456
20214772 123456
20214773 123456
20214774 123456
20214775 123456
20214776 123456
20214777 123456
20214778 123456
20214779 123456
20214780 123456
20214781 123456
20214782 123456
20214783 123456
20214784 123456
20214785 123456
20214786 123456
20214787 123456
20214788 123456
20214789 123456
20214790 123456
20214791 123456
20214792 123456
20214793 123456
20214794 123456
20214795 123456
20214796 123456
20214797 123456
20214798 123456
20214799 123456
20214800 123456
20214801 123456
20214802 123456
20214803 123456
20214804 123456
20214805 123456
20214806 123456
20214807 123456
20214808 123456
20214809 123456
20214810 123456
20214811 123456
20214812 123456
20214813 123456
20214814 123456
20214815 123456
20214816 123456
20214817 123456
20214818 123456
20214819 123456
20214820 123456
20214821 123456
20214822 123456
20214823 123456
20214824 123456
20214825 123456
20214826 123456
20214827 123456
20214828 123456
20214829 123456
20214830 123456
20214831 123456
20214832 123456
20214833 123456
20214834 123456
20214835 123456
20214836 123456
20214837 123456
20214838 123456
20214839 123456
20214840 123456
20214841 123456
20214842 123456
20214843 123456
20214844 123456
20214845 123456
20214846 123456
20214847 123456
20214848 123456
20214849 123456
20214850 123456
20214851 123456
20214852 123456
20214853 123456
20214854 123456
20214855 123456
20214856 123456
20214857 123456
20214858 123456
20214859 123456
20214860 123456
20214861 123456
20214862 123456
20214863 123456
20214864 123456
20214865 123456
20214866 123456
20214867 123456
20214868 123456
20214869 123456
20214870 123456
20214871 123456
20214872 123456
20214873 123456
20214874 123456
20214875 123456
20214876 123456
20214877 123456
20214878 123456
20214879 123456
20214880 123456
20214881 123456
20214882 123456
20214883 123456
20214884 123456
20214885 123456
20214886 123456
20214887 123456
20214888 123456
20214889 123456
20214890 123456
20214891 123456
20214892 123456
20214893 123456
20214894 123456
20214895 123456
20214896 123456
20214897 123456
20214898 123456
20214899 123456
20214900 123456
20214901 123456
20214902 123456
20214903 123456
20214904 123456
20214905 123456
20214906 123456
20214907 123456
20214908 123456
20214909 123456
20214910 123456
20214911 123456
20214912 123456
20214913 123456
20214914 123456
20214915 123456
20214916 123456
20214917 123456
20214918 123456
20214919 123456
20214920 123456
20214921 123456
20214922 123456
20214923 123456
20214924 123456
20214925 123456
20214926 123456
20214927 123456
20214928 123456
20214929 123456
20214930 123456
20214931 123456
20214932 123456
20214933 123456
20214934 123456
20214935 123456
20214936 123456
20214937 123456
20214938 123456
20214939 123456
20214940 123456
20214941 123456
20214942 123456
20214943 123456
20214944 123456
20214945 123456
20214946 123456
20214947 123456
20214948 123456
20214949 123456
20214950 123456
20214951 123456
20214952 123456
20214953 123456
20214954 123456
20214955 123456
20214956 123456
20214957 123456
20214958 123456
20214959 123456
20214960 123456
20214961 123456
20214962 123456
20214963 123456
20214964 123456
20214965 123456
20214966 123456
20214967 123456
20214968 123456
20214969 123456
20214970 123456
20214971 123456
20214972 123456
20214973 123456
20214974 123456
20214975 123456
20214976 123456
20214977 123456
20214978 123456
20214979 123456
20214980 123456
20214981 123456
20214982 123456
20214983 123456
20214984 123456
20214985 123456
20214986 123456
20214987 123456
20214988 123456
20214989 123456
20214990 123456
20214991 123456
20214992 123456
20214993 123456
20214994 123456
20214995 123456
20214996 123456
20214997 123456
20214998 123456
20214999 123456
0 1
20220002 1
0 1
